[6.82567202e+01 2.24049726e-02 1.17676756e-01 9.37187372e-02
 2.25919525e-09 9.75767815e-01][[ 1.24952964e+00  2.51436458e-04 -2.48638961e-03  1.72894550e-02
   6.01521806e-11  4.79770796e-03]
 [ 2.51436458e-04  8.77192714e-08 -4.20719611e-07  5.15261626e-06
   2.08703911e-14  1.29581129e-06]
 [-2.48638961e-03 -4.20719611e-07  5.27302394e-06 -3.01840545e-05
  -9.64394749e-14 -8.63024526e-06]
 [ 1.72894550e-02  5.15261626e-06 -3.01840545e-05  1.11693467e-03
   4.77192083e-12  9.57219265e-05]
 [ 6.01521806e-11  2.08703911e-14 -9.64394749e-14  4.77192083e-12
   2.06610753e-20  3.66762566e-13]
 [ 4.79770796e-03  1.29581129e-06 -8.63024526e-06  9.57219265e-05
   3.66762566e-13  2.94764811e-05]]